55;32.670878091423276,50.71729415808745;208;9.4;3.5;7;6.3;9;0.43
55;32.66917214231139,50.71952140098554;205;13.3;3.4;7;6.5;9;0.45
55;32.6672306472671,50.72215222500736;205;11.9;3.7;7;6.5;8;0.38
55;32.665201950050836,50.72452222911979;198;7.8;3.2;12;6.5;8;0.4
55;32.6697732984705,50.725322280322004;194;9.7;3.5;7;6.3;9;0.39
55;32.6714194384154,50.72349672607006;193;8.4;3.6;7;6.5;8;0.38
55;32.67327633870673,50.72068386045334;218;10.5;3.4;7;6.5;10;0.39
55;32.676191372496874,50.71933223615237;201;10.1;3.4;8;6.4;11;0.43
55;32.677721303937616,50.72203603510501;206;10.3;3.6;10;6.2;11;0.45
55;32.67524650741974,50.72460622207523;212;11.4;3.5;8;6.4;9;0.41
